30313
30311

30343
30341

30363
30361

30373
30371

30383
30381

31313
31311

31343
31341

31363
31361

31373
31371

31383
31381

32313
32311

32343
32341

32363
32361

32373
32371

32383
32381

33313
33311

33343
33341

33363
33361

33373
33371

33383
33381

34313
34311

34343
34341

34363
34361

34373
34371

34383
34381

35313
35311

35343
35341

35363
35361

35373
35371

35383
35381

36313
36311

36343
36341

36363
36361

36373
36371

36383
36381

37313
37311

37343
37341

37363
37361

37373
37371

37383
37381

38313
38311

38343
38341

38363
38361

38373
38371

38383
38381

39313
39311

39343
39341

39363
39361

39373
39371

39383
39381

40313
40311

40343
40341

40363
40361

40373
40371

40383
40381

41313
41311

41343
41341

41363
41361

41373
41371

41383
41381

42313
42311

42343
42341

42363
42361

42373
42371

42383
42381

43313
43311

43343
43341

43363
43361

43373
43371

43383
43381

44313
44311

44343
44341

44363
44361

44373
44371

44383
44381

45313
45311

45343
45341

45363
45361

45373
45371

45383
45381

46313
46311

46343
46341

46363
46361

46373
46371

46383
46381

47313
47311

47343
47341

47363
47361

47373
47371

47383
47381

48313
48311

48343
48341

48363
48361

48373
48371

48383
48381

49313
49311

49343
49341

49363
49361

49373
49371

49383
49381

50313
50311

50343
50341

50363
50361

50373
50371

50383
50381

51313
51311

51343
51341

51363
51361

51373
51371

51383
51381

52313
52311

52343
52341

52363
52361

52373
52371

52383
52381

53313
53311

53343
53341

53363
53361

53373
53371

53383
53381

54313
54311

54343
54341

54363
54361

54373
54371

54383
54381

55313
55311

55343
55341

55363
55361

55373
55371

55383
55381

56313
56311

56343
56341

56363
56361

56373
56371

56383
56381

57313
57311

57343
57341

57363
57361

57373
57371

57383
57381

58313
58311

58343
58341

58363
58361

58373
58371

58383
58381

59313
59311

59343
59341

59363
59361

59373
59371

59383
59381

60313
60311

60343
60341

60363
60361

60373
60371

60383
60381

61313
61311

61343
61341

61363
61361

61373
61371

61383
61381

62313
62311

62343
62341

62363
62361

62373
62371

62383
62381

64313
64311

64343
64341

64363
64361

64373
64371

64383
64381

65313
65311

65343
65341

65363
65361

65373
65371

65383
65381

66313
66311

66343
66341

66363
66361

66373
66371

66383
66381

67313
67311

67343
67341

67363
67361

67373
67371

67383
67381

68313
68311

68343
68341

68363
68361

68373
68371

68383
68381

69313
69311

69343
69341

69363
69361

69373
69371

69383
69381



// Added 196 entries.