30311
30311

30341
30341

30361
30361

30371
30371

30381
30381

31311
31311

31341
31341

31361
31361

31371
31371

31381
31381

32311
32311

32341
32341

32361
32361

32371
32371

32381
32381

33311
33311

33341
33341

33361
33361

33371
33371

33381
33381

34311
34311

34341
34341

34361
34361

34371
34371

34381
34381

35311
35311

35341
35341

35361
35361

35371
35371

35381
35381

36311
36311

36341
36341

36361
36361

36371
36371

36381
36381

37311
37311

37341
37341

37361
37361

37371
37371

37381
37381

38311
38311

38341
38341

38361
38361

38371
38371

38381
38381

39311
39311

39341
39341

39361
39361

39371
39371

39381
39381

40311
40311

40341
40341

40361
40361

40371
40371

40381
40381

41311
41311

41341
41341

41361
41361

41371
41371

41381
41381

42311
42311

42341
42341

42361
42361

42371
42371

42381
42381

43311
43311

43341
43341

43361
43361

43371
43371

43381
43381

44311
44311

44341
44341

44361
44361

44371
44371

44381
44381

45311
45311

45341
45341

45361
45361

45371
45371

45381
45381

46311
46311

46341
46341

46361
46361

46371
46371

46381
46381

47311
47311

47341
47341

47361
47361

47371
47371

47381
47381

48311
48311

48341
48341

48361
48361

48371
48371

48381
48381

49311
49311

49341
49341

49361
49361

49371
49371

49381
49381

50311
50311

50341
50341

50361
50361

50371
50371

50381
50381

51311
51311

51341
51341

51361
51361

51371
51371

51381
51381

52311
52311

52341
52341

52361
52361

52371
52371

52381
52381

53311
53311

53341
53341

53361
53361

53371
53371

53381
53381

54311
54311

54341
54341

54361
54361

54371
54371

54381
54381

55311
55311

55341
55341

55361
55361

55371
55371

55381
55381

56311
56311

56341
56341

56361
56361

56371
56371

56381
56381

57311
57311

57341
57341

57361
57361

57371
57371

57381
57381

58311
58311

58341
58341

58361
58361

58371
58371

58381
58381

59311
59311

59341
59341

59361
59361

59371
59371

59381
59381

60311
60311

60341
60341

60361
60361

60371
60371

60381
60381

61311
61311

61341
61341

61361
61361

61371
61371

61381
61381

62311
62311

62341
62341

62361
62361

62371
62371

62381
62381

63321
63321

64311
64311

64341
64341

64361
64361

64371
64371

64381
64381

65311
65311

65341
65341

65361
65361

65371
65371

65381
65381

66311
66311

66341
66341

66361
66361

66371
66371

66381
66381

67311
67311

67341
67341

67361
67361

67371
67371

67381
67381

68311
68311

68341
68341

68361
68361

68371
68371

68381
68381

69311
69311

69341
69341

69361
69361

69371
69371

69381
69381



// Added 195 entries.