30312
30311

30342
30341

30362
30361

30372
30371

30382
30381

31312
31311

31342
31341

31362
31361

31372
31371

31382
31381

32312
32311

32342
32341

32362
32361

32372
32371

32382
32381

33312
33311

33342
33341

33362
33361

33372
33371

33382
33381

34312
34311

34342
34341

34362
34361

34372
34371

34382
34381

35312
35311

35342
35341

35362
35361

35372
35371

35382
35381

36312
36311

36342
36341

36362
36361

36372
36371

36382
36381

37312
37311

37342
37341

37362
37361

37372
37371

37382
37381

38312
38311

38342
38341

38362
38361

38372
38371

38382
38381

39312
39311

39342
39341

39362
39361

39372
39371

39382
39381

40312
40311

40342
40341

40362
40361

40372
40371

40382
40381

41312
41311

41342
41341

41362
41361

41372
41371

41382
41381

42312
42311

42342
42341

42362
42361

42372
42371

42382
42381

43312
43311

43342
43341

43362
43361

43372
43371

43382
43381

44312
44311

44342
44341

44362
44361

44372
44371

44382
44381

45312
45311

45342
45341

45362
45361

45372
45371

45382
45381

46312
46311

46342
46341

46362
46361

46372
46371

46382
46381

47312
47311

47342
47341

47362
47361

47372
47371

47382
47381

48312
48311

48342
48341

48362
48361

48372
48371

48382
48381

49312
49311

49342
49341

49362
49361

49372
49371

49382
49381

50312
50311

50342
50341

50362
50361

50372
50371

50382
50381

51312
51311

51342
51341

51362
51361

51372
51371

51382
51381

52312
52311

52342
52341

52362
52361

52372
52371

52382
52381

53312
53311

53342
53341

53362
53361

53372
53371

53382
53381

54312
54311

54342
54341

54362
54361

54372
54371

54382
54381

55312
55311

55342
55341

55362
55361

55372
55371

55382
55381

56312
56311

56342
56341

56362
56361

56372
56371

56382
56381

57312
57311

57342
57341

57362
57361

57372
57371

57382
57381

58312
58311

58342
58341

58362
58361

58372
58371

58382
58381

59312
59311

59342
59341

59362
59361

59372
59371

59382
59381

60312
60311

60342
60341

60362
60361

60372
60371

60382
60381

61312
61311

61342
61341

61362
61361

61372
61371

61382
61381

62312
62311

62342
62341

62362
62361

62372
62371

62382
62381

64312
64311

64342
64341

64362
64361

64372
64371

64382
64381

65312
65311

65342
65341

65362
65361

65372
65371

65382
65381

66312
66311

66342
66341

66362
66361

66372
66371

66382
66381

67312
67311

67342
67341

67362
67361

67372
67371

67382
67381

68312
68311

68342
68341

68362
68361

68372
68371

68382
68381

69312
69311

69342
69341

69362
69361

69372
69371

69382
69381



// Added 195 entries.